0 0.205207 0.486222 0.036617 0.057444
0 0.428785 0.502785 0.043664 0.044458
0 0.367461 0.510076 0.045375 0.054986
0 0.452855 0.960375 0.113820 0.079250
0 0.348734 0.431736 0.035906 0.038194
0 0.505258 0.443000 0.118703 0.136778
0 0.439066 0.442875 0.035086 0.034139
0 0.287383 0.502722 0.038828 0.043444
0 0.266625 0.540347 0.038781 0.060694
0 0.652695 0.517181 0.050078 0.041861
0 0.394539 0.692750 0.062516 0.095889
0 0.743508 0.562292 0.054828 0.054583
0 0.776680 0.541597 0.047109 0.038472
0 0.733945 0.625632 0.070547 0.065986
0 0.663496 0.496236 0.047070 0.033417
0 0.560852 0.510090 0.048672 0.048569
0 0.240484 0.466326 0.041906 0.049708
0 0.502387 0.554028 0.049195 0.056472
0 0.620637 0.550562 0.052273 0.055542
0 0.866848 0.720812 0.096039 0.097514
0 0.221449 0.419396 0.032289 0.041514
0 0.359715 0.418403 0.022570 0.025028
