0 0.401004 0.677424 0.060992 0.114903
0 0.693453 0.502632 0.035781 0.050653
0 0.409316 0.582924 0.053508 0.068403
0 0.390766 0.585007 0.090297 0.082125
0 0.369398 0.587653 0.046719 0.076750
0 0.443539 0.502944 0.049437 0.066778
0 0.657918 0.699174 0.088586 0.113542
0 0.308668 0.521285 0.039961 0.057486
0 0.467348 0.438743 0.040352 0.050375
0 0.650879 0.573160 0.051320 0.038792
0 0.628617 0.510549 0.052250 0.047597
0 0.703902 0.503556 0.056852 0.056694
0 0.766156 0.642278 0.077375 0.085111
0 0.498109 0.628722 0.066484 0.102194
0 0.597602 0.826569 0.094047 0.139778
0 0.663438 0.968056 0.107500 0.063889
0 0.374398 0.520111 0.043516 0.049611
0 0.332734 0.481264 0.040781 0.043250
0 0.379777 0.473417 0.039930 0.045139
0 0.920125 0.653382 0.100234 0.106292
0 0.542352 0.500972 0.050016 0.055556
0 0.418516 0.431840 0.037812 0.034236
0 0.346227 0.420583 0.037297 0.022833
0 0.875844 0.931986 0.152844 0.136028
0 0.256918 0.481556 0.034773 0.043556
0 0.248785 0.447812 0.032117 0.032931
0 0.203043 0.452243 0.019086 0.027208
0 0.173891 0.398618 0.017063 0.015319
0 0.188359 0.395104 0.014688 0.013292
0 0.217508 0.406042 0.021109 0.017361
0 0.238082 0.403889 0.020227 0.018333
0 0.261211 0.414500 0.019844 0.018056
0 0.295117 0.415333 0.026250 0.015556
0 0.345059 0.403458 0.035430 0.019028
0 0.548043 0.462660 0.039211 0.029514
0 0.529711 0.452278 0.020422 0.026917
0 0.973008 0.834639 0.053984 0.126000
0 0.243477 0.921653 0.108578 0.156694
