0 0.485445 0.434007 0.036813 0.040097
0 0.409402 0.675194 0.059086 0.113833
0 0.284801 0.690958 0.060633 0.132806
0 0.340656 0.542938 0.051359 0.061986
0 0.850840 0.694007 0.089523 0.083181
0 0.521508 0.653722 0.071312 0.110250
0 0.597090 0.462104 0.032211 0.034736
0 0.309746 0.403799 0.028102 0.024153
0 0.372273 0.407319 0.029703 0.026500
0 0.176703 0.394458 0.017422 0.012500
0 0.576258 0.483083 0.050875 0.052889
0 0.774734 0.870417 0.118641 0.148306
0 0.456187 0.604014 0.051344 0.077194
0 0.715336 0.513646 0.055375 0.059792
0 0.700340 0.598917 0.066695 0.071306
0 0.877773 0.645674 0.082687 0.071264
0 0.246949 0.913611 0.098727 0.159444
0 0.362113 0.436667 0.032336 0.032500
0 0.314688 0.423271 0.022656 0.025153
0 0.675531 0.960958 0.120938 0.078083
0 0.422277 0.543354 0.057867 0.082069
0 0.495426 0.549132 0.048117 0.063569
0 0.236535 0.521549 0.036758 0.055597
0 0.264543 0.482854 0.037727 0.043181
0 0.229977 0.452340 0.039187 0.038569
0 0.238395 0.406431 0.037883 0.024472
0 0.262680 0.396208 0.026875 0.016111
0 0.211035 0.403979 0.019102 0.020736
0 0.225008 0.385514 0.025547 0.024028
0 0.444484 0.462972 0.037469 0.034250
0 0.457906 0.451167 0.030859 0.039306
0 0.267227 0.587076 0.047422 0.076542
