0 0.737738 0.492535 0.051555 0.051847
0 0.293238 0.778486 0.072430 0.150000
0 0.748547 0.577972 0.070609 0.064361
0 0.544289 0.733528 0.073797 0.110306
0 0.301063 0.596229 0.042797 0.074347
0 0.897281 0.460250 0.070922 0.064389
0 0.508844 0.566375 0.054641 0.063167
0 0.292254 0.506646 0.039008 0.062097
0 0.251699 0.551090 0.041086 0.049458
0 0.913605 0.577306 0.082945 0.086500
0 0.322051 0.417250 0.041477 0.034167
0 0.328313 0.539944 0.039156 0.060111
0 0.331707 0.487785 0.039555 0.042514
0 0.391836 0.635944 0.087266 0.190500
0 0.430973 0.568715 0.034305 0.063958
0 0.371918 0.473229 0.036945 0.039486
0 0.730738 0.799181 0.110852 0.168000
0 0.431930 0.508958 0.047719 0.066639
0 0.401141 0.415014 0.035594 0.034444
0 0.261449 0.484660 0.035977 0.040319
0 0.259887 0.452479 0.031508 0.033569
0 0.290051 0.439278 0.040898 0.040917
0 0.260555 0.407347 0.030172 0.024750
0 0.270520 0.401250 0.022758 0.020000
0 0.212273 0.402917 0.020484 0.016667
0 0.194121 0.389931 0.024773 0.018472
