0 0.565293 0.478840 0.051898 0.052153
0 0.258871 0.546056 0.041852 0.098833
0 0.248773 0.397292 0.029016 0.030083
0 0.651031 0.443819 0.122625 0.090417
0 0.567648 0.498556 0.055547 0.091250
0 0.968555 0.603424 0.062891 0.073236
0 0.258906 0.948187 0.093766 0.103625
0 0.470887 0.968542 0.102430 0.062917
0 0.622195 0.871618 0.110453 0.182653
0 0.506320 0.424903 0.101500 0.086917
0 0.364004 0.413653 0.021414 0.022361
0 0.387910 0.427958 0.028430 0.024583
0 0.709703 0.551840 0.060687 0.062014
0 0.821996 0.559021 0.068773 0.055764
0 0.424316 0.566549 0.052336 0.080403
0 0.301055 0.650069 0.051656 0.093056
0 0.332496 0.536979 0.043039 0.062375
0 0.778430 0.655236 0.084578 0.071583
0 0.373570 0.511431 0.043359 0.047083
0 0.274395 0.489625 0.036102 0.039028
0 0.320445 0.478236 0.040234 0.032917
0 0.337555 0.429486 0.041641 0.021806
0 0.293965 0.421292 0.038367 0.021250
0 0.283469 0.402257 0.026969 0.023486
0 0.181066 0.397792 0.017117 0.016528
0 0.190184 0.432014 0.030508 0.061833
0 0.212410 0.392500 0.029945 0.031750
0 0.801043 0.506889 0.064164 0.047667
0 0.682031 0.497563 0.052500 0.052875
