0 0.308125 0.527500 0.043125 0.064722
0 0.233207 0.398674 0.020914 0.022014
0 0.663586 0.523611 0.050641 0.045278
0 0.184812 0.439465 0.035719 0.040708
0 0.193031 0.475382 0.012031 0.033208
0 0.569551 0.450299 0.046820 0.046236
0 0.188141 0.395243 0.023750 0.025986
0 0.252594 0.404271 0.028828 0.030319
0 0.341094 0.412931 0.029234 0.021639
0 0.295000 0.465799 0.040156 0.050153
0 0.345156 0.492861 0.041812 0.048000
0 0.433238 0.900250 0.102727 0.199500
0 0.596773 0.639569 0.069953 0.088556
0 0.564398 0.485035 0.045859 0.053958
0 0.274879 0.838542 0.083820 0.139028
0 0.333320 0.427708 0.028984 0.031250
0 0.380773 0.626875 0.050766 0.077083
0 0.238746 0.521514 0.038445 0.062472
0 0.985582 0.636264 0.028383 0.087583
0 0.830715 0.612056 0.071617 0.062139
0 0.639145 0.561507 0.038602 0.050625
0 0.423809 0.421687 0.037070 0.034153
0 0.507133 0.464465 0.040359 0.037986
0 0.874926 0.697778 0.079148 0.081972
0 0.853082 0.942514 0.107055 0.108250
