0 0.559059 0.775174 0.082117 0.124764
0 0.282715 0.652715 0.056102 0.099875
0 0.835090 0.689382 0.090305 0.084542
0 0.626797 0.473090 0.056656 0.058819
0 0.385320 0.483486 0.044625 0.044917
0 0.314121 0.476208 0.041336 0.039639
0 0.262609 0.546764 0.043312 0.061833
0 0.322977 0.417542 0.028219 0.029806
0 0.304109 0.400653 0.028547 0.022750
0 0.271633 0.406194 0.028547 0.028000
0 0.199609 0.394819 0.027562 0.023917
0 0.207813 0.390444 0.026250 0.024500
0 0.969578 0.722924 0.060844 0.082819
0 0.502848 0.649896 0.069930 0.107847
0 0.245195 0.468882 0.037844 0.045958
0 0.352063 0.438153 0.024984 0.019639
0 0.396699 0.429840 0.020930 0.020986
0 0.432891 0.947861 0.126125 0.104278
0 0.222797 0.932278 0.120047 0.135444
0 0.614320 0.501840 0.051938 0.046764
0 0.765852 0.602361 0.068687 0.075500
0 0.825617 0.553174 0.072453 0.071042
0 0.485961 0.459090 0.033984 0.027931
0 0.555297 0.459958 0.035906 0.040750
0 0.323359 0.526688 0.047531 0.069208
0 0.461289 0.471736 0.037891 0.034583
