0 0.297109 0.405549 0.031094 0.021292
0 0.378711 0.513396 0.044375 0.060653
0 0.340246 0.419924 0.030492 0.024569
0 0.991055 0.643806 0.017891 0.039611
0 0.662055 0.470938 0.047359 0.031931
0 0.516781 0.436875 0.044453 0.032083
0 0.464594 0.455486 0.034453 0.032083
0 0.402953 0.447708 0.034453 0.031528
0 0.369047 0.439944 0.023188 0.027000
0 0.324070 0.445986 0.039313 0.042889
0 0.269152 0.435792 0.032633 0.028194
0 0.438078 0.582187 0.048578 0.062819
0 0.623305 0.679708 0.078016 0.101861
0 0.292566 0.503799 0.040148 0.049764
0 0.552844 0.472118 0.052297 0.055625
0 0.262273 0.898542 0.121719 0.191667
0 0.778332 0.642958 0.087617 0.117111
0 0.842543 0.615944 0.072773 0.069472
0 0.616543 0.497646 0.051570 0.059653
0 0.736105 0.518403 0.052773 0.050639
0 0.700043 0.537701 0.057023 0.058625
0 0.476270 0.632667 0.059898 0.081889
0 0.460539 0.519194 0.052906 0.071306
0 0.542570 0.582986 0.056578 0.080694
0 0.327250 0.539778 0.040344 0.062333
0 0.230781 0.468097 0.033438 0.038694
0 0.284687 0.626278 0.059844 0.104944
0 0.237047 0.442431 0.034516 0.036722
0 0.273098 0.461861 0.034117 0.038139
0 0.384977 0.483535 0.039312 0.038375
0 0.194086 0.379326 0.025797 0.064514
0 0.227484 0.406868 0.019500 0.022597
0 0.256117 0.401597 0.022719 0.024361
0 0.265563 0.414326 0.020609 0.017347
