0 0.528711 0.726479 0.068359 0.103097
0 0.454105 0.588424 0.057258 0.073236
0 0.718422 0.604090 0.064609 0.080347
0 0.850078 0.562396 0.061766 0.079153
0 0.785410 0.561993 0.099039 0.095264
0 0.276934 0.604681 0.046836 0.076667
0 0.591023 0.523118 0.037328 0.045514
0 0.386320 0.626479 0.060344 0.094069
0 0.482926 0.471910 0.041492 0.029542
0 0.575605 0.480167 0.052039 0.051056
0 0.613719 0.476444 0.036594 0.034639
0 0.482750 0.459958 0.040453 0.051111
0 0.169813 0.394104 0.025891 0.018903
0 0.181559 0.391618 0.023367 0.019403
0 0.211582 0.398451 0.026023 0.019653
0 0.249762 0.394597 0.026867 0.017417
0 0.781707 0.423521 0.034352 0.047319
0 0.815637 0.931076 0.147008 0.137847
0 0.452551 0.521896 0.044023 0.056542
0 0.406902 0.434569 0.031773 0.032083
0 0.372879 0.438389 0.033617 0.030722
0 0.346602 0.486687 0.044625 0.060653
0 0.266379 0.484062 0.041664 0.057736
0 0.256867 0.550847 0.039703 0.057167
0 0.431254 0.935833 0.141742 0.128333
0 0.305148 0.414042 0.022172 0.021083
