0 0.275301 0.591750 0.041117 0.058972
0 0.329750 0.546125 0.042781 0.058972
0 0.342270 0.489931 0.041523 0.060833
0 0.238570 0.520813 0.037766 0.048542
0 0.200648 0.477806 0.035969 0.048056
0 0.239727 0.465479 0.033734 0.041792
0 0.262469 0.444271 0.037375 0.046181
0 0.260512 0.411993 0.031648 0.023403
0 0.233438 0.400292 0.030563 0.025917
0 0.214105 0.436438 0.032789 0.028403
0 0.545855 0.585417 0.069570 0.099583
0 0.676555 0.964243 0.109469 0.071514
0 0.444090 0.463243 0.038195 0.033014
0 0.498848 0.482528 0.048195 0.046194
0 0.536906 0.433451 0.037281 0.028875
0 0.596523 0.529813 0.038641 0.048931
0 0.929129 0.608486 0.083602 0.075306
0 0.676910 0.580743 0.062211 0.066819
0 0.522504 0.693181 0.066523 0.116250
0 0.682719 0.721694 0.086203 0.128083
0 0.811191 0.676153 0.085023 0.082917
0 0.447281 0.573403 0.053781 0.065833
0 0.285090 0.988118 0.081273 0.023764
0 0.171551 0.392111 0.014023 0.014083
0 0.188961 0.394875 0.017141 0.021972
0 0.312824 0.416715 0.025070 0.025403
0 0.385043 0.435646 0.043523 0.044347
0 0.472020 0.425944 0.042867 0.040639
0 0.936516 0.692208 0.085641 0.076556
0 0.282738 0.782111 0.078508 0.169556
0 0.663152 0.476292 0.043758 0.030861
0 0.979398 0.580125 0.041125 0.071694
0 0.610254 0.474090 0.050336 0.051625
0 0.397148 0.658479 0.070547 0.139153
0 0.882355 0.962799 0.131070 0.074403
0 0.285828 0.630326 0.047578 0.076792
