0 0.265414 0.409194 0.024938 0.018944
0 0.317023 0.404389 0.025578 0.019889
0 0.307129 0.469632 0.038180 0.042514
0 0.273707 0.486312 0.034320 0.047069
0 0.237520 0.533389 0.037539 0.048000
0 0.477570 0.608701 0.064688 0.090319
0 0.379719 0.614069 0.062406 0.090028
0 0.556359 0.470000 0.055719 0.054722
0 0.325598 0.424063 0.033336 0.021458
0 0.498203 0.481389 0.042188 0.038750
0 0.192336 0.399931 0.016578 0.012806
0 0.635223 0.557438 0.058961 0.051931
0 0.236043 0.409090 0.028414 0.017347
0 0.965617 0.707667 0.064375 0.065278
0 0.762918 0.409319 0.037430 0.050444
0 0.462691 0.949444 0.114289 0.095083
0 0.686523 0.742688 0.090188 0.116347
0 0.271941 0.832722 0.080508 0.161889
0 0.275813 0.707993 0.062688 0.101264
0 0.397180 0.445458 0.034094 0.024111
0 0.608117 0.889674 0.110719 0.182292
0 0.768801 0.568944 0.067367 0.067306
0 0.814422 0.519597 0.059906 0.057917
0 0.772852 0.652861 0.078312 0.090583
0 0.594184 0.462111 0.042258 0.043500
0 0.426848 0.435312 0.040273 0.034847
