0 0.440617 0.582722 0.052109 0.069000
0 0.595125 0.528715 0.048922 0.060597
0 0.722699 0.548438 0.064523 0.070153
0 0.251852 0.457854 0.035797 0.035097
0 0.244102 0.429799 0.036578 0.032514
0 0.431949 0.422167 0.033117 0.031917
0 0.363961 0.435958 0.035203 0.035250
0 0.381715 0.429382 0.024086 0.029292
0 0.325695 0.417014 0.028922 0.028361
0 0.284973 0.404514 0.029773 0.024028
0 0.217344 0.399187 0.010484 0.016431
0 0.200910 0.398778 0.022602 0.021611
0 0.175523 0.391458 0.020078 0.018472
0 0.499820 0.556868 0.065250 0.073042
0 0.839027 0.618604 0.091758 0.080875
0 0.834219 0.556583 0.079375 0.067111
0 0.971348 0.723479 0.057305 0.111653
0 0.515477 0.439611 0.047172 0.043000
0 0.249883 0.518472 0.046172 0.076944
0 0.340570 0.543819 0.041203 0.061528
0 0.290430 0.595882 0.081016 0.167681
0 0.350391 0.471042 0.041250 0.067639
0 0.447813 0.455833 0.046500 0.044444
0 0.626020 0.499549 0.052102 0.053181
0 0.491949 0.462472 0.037648 0.040222
0 0.531680 0.678743 0.068672 0.113347
